Date,Volume,High_Euro,Low_Euro
2019-11-17,18668638896,7593.17648481,7395.8419625100005
2019-11-16,16495389808,7475.037450899999,7372.35706071
2019-11-15,21796856471,7595.859550889999,7381.8140625
2019-11-14,19084739974,7679.44072233,7562.52002946
2019-11-13,17545755404,7688.052363389999,7622.6366892900005
2019-11-12,20309769107,7702.77864285,7556.322128580001
2019-11-11,20265510765,7900.712988389999,7569.52930626
2019-11-10,20587919881,7920.328769639999,7661.361034830001
2019-11-09,17578630605,7735.88197233,7650.05188482
2019-11-08,24333037836,8067.300996419999,7634.714736600001
2019-11-07,22700383838,8150.57460981,8006.04755892
2019-11-06,23133895764,8198.21645535,8096.1409866
2019-11-05,26198609047,8227.95363303,8053.530527669999
2019-11-04,26170255634,8269.39502946,7996.59225624
2019-11-03,21132220847,8160.431777669999,7952.889199110001
2019-11-02,21242676385,8158.41310536,8047.14146517
2019-11-01,24324691031,8069.82178749,7944.8816312399995
2019-10-31,26583653946,8163.35018571,7854.98446251
2019-10-30,27706531577,8201.38040001,7904.27200179
2019-10-29,28426779937,8279.07717768,8032.40414106
2019-10-28,30948255331,8530.45280268,8052.84914106
2019-10-27,32593129500,8482.090488389998,7927.91153304
2019-10-26,44496255608,8718.917402669998,7536.4812009
2019-10-25,28705065488,7561.639833929999,6507.5864062499995
2019-10-24,16268708848,6553.59487812,6478.8802299
2019-10-23,21942878957,7040.9095754400005,6498.310795980001
2019-10-22,16803377856,7218.08668929,7024.782715169999
2019-10-21,15868748865,7218.124072320001,7130.881933919999
2019-10-20,15504249442,7205.1819723300005,6916.01232411
2019-10-19,13797825640,7031.8875736499995,6911.95586385
2019-10-18,15651592610,7080.41980938,6874.882734809999
2019-10-17,14313052244,7077.303442410001,6960.820297769999
2019-10-16,16071646995,7148.626875,6947.02816428
2019-10-15,15220412631,7317.32191428,7118.954692410001
2019-10-14,15151387859,7299.4818160800005,7207.193847330001
2019-10-13,13808286058,7369.75980447,7200.65270535
2019-10-12,14532641604,7321.26070356,7232.606513399999
2019-10-11,19604381101,7587.94883751,7235.078027669999
2019-10-10,17618660671,7503.9870410700005,7370.58222678
2019-10-09,19384942333,7506.104267850001,7107.28998036
2019-10-08,15592264032,7249.46191428,7121.61397008
2019-10-07,18009742607,7228.351669649999,6878.01651831
2019-10-06,13160830305,7100.42683572,6924.20000982
2019-10-05,12200497197,7147.507939290001,7021.87492635
2019-10-04,13139456229,7186.24842768,7091.576029919999
2019-10-03,13668823409,7320.377958929999,7087.40020044
2019-10-02,13125712442,7301.94653304,7158.09492231
2019-10-01,15305343412,7392.99237321,7162.43132856
2019-09-30,17115474183,7233.3813571499995,6812.7601464300005
2019-09-29,13034629108,7187.68511697,6951.7324509
2019-09-28,14141152736,7208.48695356,7069.125527669999
2019-09-27,16408941155,7196.22284196,6930.35288124
2019-09-26,19258205289,7408.64642589,6869.19757365
2019-09-25,21744728352,7608.0004687499995,7243.09494108
2019-09-24,25002886688,8529.75612321,7282.597529459999
2019-09-23,15144925408,8764.58730447,8462.61489285
2019-09-22,13199651698,8764.76657232,8632.60388661
2019-09-21,13425266806,8863.64496072,8700.61596696
2019-09-20,14734189639,8948.708700899999,8815.00227501
2019-09-19,19937691247,8957.231982149999,8570.97237321
2019-09-18,16169268880,8940.057978570001,8866.57866249
2019-09-17,15304603363,8958.19119108,8873.77315446
2019-09-16,15160167778,9036.57445356,8865.07740267
2019-09-15,12043433567,9036.72058572,8972.39071251
2019-09-14,13468713124,9067.256396429999,8953.77407232
2019-09-13,14109864674,9084.09565446,8897.139111600001
2019-09-12,15323563925,9084.76089822,8786.34070356
2019-09-11,15428063426,8887.87497054,8683.27543929
2019-09-10,14906809639,9043.087558919999,8717.89872054
2019-09-09,17595943367,9091.77102501,8826.08882856
2019-09-08,13670567492,9218.204794649999,9055.9090134
2019-09-07,15307366476,9186.046230360002,9003.55948215
2019-09-06,19536574782,9481.92269553,8954.300830350001
2019-09-05,14551239507,9245.72449197,9149.28363303
2019-09-04,16742664768,9363.50074197,9078.19766607
2019-09-03,19384917988,9340.41090804,8968.43663124
2019-09-02,17248102293,9045.03486339,8465.665840169999
2019-09-01,11445355859,8523.177597330001,8337.161572320001
2019-08-31,11454806419,8415.702011610001,8292.66583035
2019-08-30,13595263986,8400.827900010001,8202.623378580001
2019-08-29,17045878500,8488.40393571,8196.81799821
2019-08-28,17603790323,8943.04860357,8453.4909375
2019-08-27,14762609502,9031.75546875,8775.95167947
2019-08-26,18438654079,9145.72546875,8809.88083035
2019-08-25,14153856609,8965.021200899999,8707.64648481
2019-08-24,15451030650,9063.67784196,8684.59828125
2019-08-23,15627023886,9084.925722330001,8768.02737321
2019-08-22,17097508856,8902.70660178,8553.372715169999
2019-08-21,19473084767,9394.89465804,8667.5678616
2019-08-20,15053082175,9523.92653304,9238.49601606
2019-08-19,16038264603,9496.96672857,8972.48756874
2019-08-18,12999813869,9123.75117231,8803.61241249
2019-08-17,13778035685,9093.78375,8775.42747054
2019-08-16,20228207096,9156.18415983,8574.26630892
2019-08-15,22899115082,9080.54768571,8417.52527322
2019-08-14,19990838299,9473.91427767,8724.47809554
2019-08-13,16681503536,9935.44333035,9422.384618760001
2019-08-12,13647198229,10029.52482411,9849.227519639999
2019-08-11,15774371517,10025.513818739999,9786.016582139999
2019-08-10,18125355447,10366.62008751,9851.791641060001
2019-08-09,18339989959,10414.29846696,10187.47825179
2019-08-08,19481591729,10422.09533214,10053.86613303
2019-08-07,22194988641,10472.181503580001,9947.32001964
2019-08-06,23635107659,10678.22452143,9822.93635715
2019-08-05,23875988832,10348.729863389999,9535.83975624
2019-08-04,16530894786,9578.01011697,9239.642138399999
2019-08-03,15352685060,9523.6996875,9138.04924821
2019-08-02,17489094081,9272.41921875,9022.781894639998
2019-08-01,17165337857,9088.82033214,8632.15699197
2019-07-31,16631520647,8774.496299100001,8350.34496072
2019-07-30,13829811132,8440.530996419999,8210.48226606
2019-07-29,13791445323,8423.03414106,8241.46497054
2019-07-28,13738687092,8330.72408214,8049.49828125
2019-07-27,16817809536,8845.56867231,8188.02369108
2019-07-26,14495714483,8627.370292860001,8454.64470714
2019-07-25,15821952090,8834.20089822,8503.34261697
2019-07-24,17398734321,8620.653281249999,8364.446777669998
2019-07-23,17851916994,9001.670800889999,8598.72741249
2019-07-22,16334414913,9267.058183919999,8834.78203125
2019-07-21,17130580467,9432.44229465,9038.951659830002
2019-07-20,20206615154,9612.336034830001,9092.61043929
2019-07-19,20727426309,9323.77300803,8899.77714822
2019-07-18,25187024648,9341.05321251,8157.814980360001
2019-07-17,24569921548,8667.927246419998,7971.927246419999
2019-07-16,24151199069,9567.07054731,8219.85260715
2019-07-15,25384047206,9615.90694374,8693.04594732
2019-07-14,22486000001,9962.54756874,8904.081269639999
2019-07-13,21042616383,10302.50261697,9490.37715804
2019-07-12,23534692796,10357.77395535,9725.85574197
2019-07-11,28595327690,10565.82205089,9708.26288124
2019-07-10,33627574244,11422.690488389999,10188.55130892
2019-07-09,28167921522,11117.84469732,10642.93769553
2019-07-08,23482551458,10740.87471696,9912.23540001
2019-07-07,19369044276,10041.209501790001,9699.46007856
2019-07-06,21092024306,10110.23941428,9554.81323215
2019-07-05,23838480210,9914.22518571,9461.21941428
2019-07-04,25920294033,10445.28541965,9714.915322320001
2019-07-03,30796494293,10412.22796875,9411.7959375
2019-07-02,31015895222,9493.60397499,8471.95974642
2019-07-01,29378589324,9749.602324110001,8777.70357411
2019-06-30,27256473494,10595.193896429999,9395.13764643
2019-06-29,29923961127,10788.79183572,10012.28964822
2019-06-28,35087757765,10827.30208035,9495.61075179
2019-06-27,39977475222,11580.69574197,9127.91170893
2019-06-26,45105733173,12002.945654460002,10227.36996072
2019-06-25,24879684533,10258.09778304,9576.26586876
2019-06-24,19271652364,9627.329941080001,9231.072128580001
2019-06-23,20998326501,9784.14574197,9183.80326161
2019-06-22,29995204860,9706.89076161,8793.12058572
2019-06-21,20624008643,8825.76427767,8286.81457053
2019-06-20,17846823783,8347.145332139999,8032.26140625
2019-06-19,15546809946,8090.67035178,7891.244091959999
2019-06-18,15848210535,8133.08540001,7834.26418929
2019-06-17,15562951918,8192.27428749,7820.363730360001
2019-06-16,23348550310,8122.20445356,7668.664277669999
2019-06-15,18371033226,7707.441299100001,7498.00409196
2019-06-14,19831162905,7578.25394553,7119.5519674199995
2019-06-13,18669407147,7231.06362321,7035.7431004499995
2019-06-12,19034432883,7131.084141060001,6840.25308081
2019-06-11,17107279931,6982.962817410001,6762.339228569999
2019-06-10,18689275117,6987.7614111600005,6600.455932589999
2019-06-09,16610726547,6939.097485269999,6597.4011624899995
2019-06-08,16522722809,7026.89526831,6818.7214308
2019-06-07,19141423230,7069.7533884,6775.88497545
2019-06-06,19474611077,6905.4865134,6587.17993617
2019-06-05,21760923463,6874.60873527,6671.741557589999
2019-06-04,24609731548,7143.557256239999,6581.1052299
2019-06-03,22004511436,7606.845,7137.6414258899995
2019-06-02,20266216022,7664.09422857,7448.27475624
2019-06-01,22488303543,7504.272509820001,7378.97296875
2019-05-31,25365190957,7470.393486600001,7110.11917947
2019-05-30,29246528551,7837.2335741100005,7152.5078910600005
2019-05-29,23473479966,7617.591708929999,7379.973808919999
2019-05-28,24226919266,7662.10444374,7512.207861600001
2019-05-27,27949839563,7749.242080350001,7541.77341786
2019-05-26,26677970091,7558.14284196,6894.4632567
2019-05-25,22256813106,7062.5954294699995,6930.3991843799995
2019-05-24,25919126990,7082.42616249,6807.2703951
2019-05-23,24457107820,6911.098608480001,6553.8811959899995
2019-05-22,24719473174,6957.92270535,6625.90895535
2019-05-21,25127245056,7014.08613303,6823.70566428
2019-05-20,23843404339,7134.8419625100005,6680.54011206
2019-05-19,25902422039,7187.88902322,6323.12771517
2019-05-18,21354286561,6479.1266165100005,6308.80882365
2019-05-17,30066644905,6898.35659196,6123.16832544
2019-05-16,33167197581,7239.11707053,6724.75930626
2019-05-15,28344112919,7148.288730360001,6872.22303258
2019-05-14,32031452226,7193.780215169999,6695.86026831
2019-05-13,28677672181,7001.249384819999,6001.505537489999
2019-05-12,27773333679,6528.3687009000005,5929.720766519999
2019-05-11,28867562329,6379.7125491,5546.8578951
2019-05-10,19419875367,5598.11737812,5360.52156741
2019-05-09,16784645410,5379.24398481,5204.61527322
2019-05-08,15320605299,5211.283432589999,5041.4027634
2019-05-07,18026409032,5209.71505401,4995.01451652
2019-05-06,15737171804,5048.5730424,4918.708125
2019-05-05,14808830722,5075.4606299100005,4965.99058572
2019-05-04,17567780765,5121.59739285,4911.5582370600005
2019-05-03,18720780005,5103.31719732,4776.475444199999
2019-05-02,14644460907,4804.36854465,4692.96903795
2019-05-01,13679528236,4713.66339822,4652.45201652
2019-04-30,13878964573,4666.03387188,4545.04524867
2019-04-29,13735490672,4620.80916474,4538.3443799100005
2019-04-28,12819992055,4633.82178258,4572.44472678
2019-04-27,13111274675,4620.3525,4553.26309554
2019-04-26,16812108039,4683.76182099,4504.31072724
2019-04-25,15330283408,4821.74730447,4507.764814290001
2019-04-24,17048033399,4908.57865758,4713.88897008
2019-04-23,15867308107,4901.40795402,4688.78556117
2019-04-22,14601631647,4717.738125,4593.8408638500005
2019-04-21,13731844222,4663.13458035,4573.88523885
2019-04-20,13169647522,4661.88692901,4607.4137991
2019-04-19,13780238655,4642.91175312,4553.0018406300005
2019-04-18,13256489918,4628.38810536,4567.940947319999
2019-04-17,12438480676,4588.619590169999,4540.70884242
2019-04-16,11618660197,4557.88242231,4398.01949688
2019-04-15,12290155060,4521.04803258,4370.94032232
2019-04-14,10391952498,4510.09401831,4396.604472330001
2019-04-13,10823289598,4460.5962009,4403.58273885
2019-04-12,13675206312,4439.84874018,4311.59170893
2019-04-11,16555616019,4658.176259819999,4365.047856689999
2019-04-10,15504590933,4716.83668929,4518.24262188
2019-04-09,14722104361,4602.22863303,4495.65448215
2019-04-08,17154113634,4627.38769062,4478.94436518
2019-04-07,16655416140,4554.612275009999,4393.85853483
2019-04-06,16929795193,4529.0649459900005,4343.23328616
2019-04-05,16837325387,4396.55349642,4279.95777813
2019-04-04,18251810239,4404.9489111600005,4208.01073215
2019-04-03,22899891582,4617.09297366,4242.66035178
2019-04-02,21315047816,4268.1804933,3615.12569865
2019-04-01,10157794170,3623.50921875,3564.3041892900005
2019-03-31,9045122442,3578.3303910600002,3561.8677221
2019-03-30,9732688060,3738.2217776699995,3526.90141116
2019-03-29,10918665556,3578.7458499900004,3509.66453616
2019-03-28,9353915899,3562.5648269999997,3515.03173059
2019-03-27,10897131934,3555.74756094,3460.69517589
2019-03-26,10707678814,3467.02030557,3431.93526138
2019-03-25,10359818882,3513.7915134000004,3422.6071875
2019-03-24,9144851064,3515.40874509,3485.3877977700004
2019-03-23,9578850549,3523.39783416,3493.889202
2019-03-22,9252935969,3526.8988620600003,3498.7419575999998
2019-03-21,10831212661,3564.7030808100003,3484.4816892900003
2019-03-20,10175916388,3557.83186518,3507.0664308
2019-03-19,9344919956,3551.52797568,3500.716875
2019-03-18,9646954186,3542.2542776699997,3487.9319535600002
2019-03-17,8221625399,3527.0862009,3485.5776857099995
2019-03-16,9856166973,3547.0216479900005,3446.64199977
2019-03-15,9394210604,3452.63238303,3405.19338147
2019-03-14,10480789569,3433.4588236500003,3394.12828125
2019-03-13,9469184841,3416.13996072,3385.95673839
2019-03-12,9809887079,3416.3935692,3361.29640134
2019-03-11,10125901902,3450.7547464199997,3383.63794218
2019-03-10,9713267606,3450.5716549199997,3414.21156048
2019-03-09,10796103518,3468.89687991,3386.3796314700003
2019-03-08,10638638944,3436.8759522299997,3371.44880892
2019-03-07,9584165518,3427.2547631699995,3387.87834219
2019-03-06,9175291528,3409.9741332599997,3368.17080291
2019-03-05,10174126414,3396.4075707599995,3258.3093013499997
2019-03-04,9029175787,3364.62219732,3248.36228772
2019-03-03,7253558152,3371.67076941,3338.1080129399998
2019-03-02,7578786075,3370.90845714,3333.9512990999997
2019-03-01,7661247975,3399.7820067000002,3350.9723732099997
2019-02-28,8399767798,3398.2707644999996,3345.86452143
2019-02-27,8301309684,3383.2581663,3294.74118906
2019-02-26,7931218996,3385.67360559,3339.04810536
2019-02-25,9318796066,3404.9253292500002,3312.0921236699996
2019-02-24,10794227451,3663.2581937400005,3300.52681608
2019-02-23,8922258315,3624.6689357099995,3452.79232209
2019-02-22,7826525254,3485.6883470999996,3437.21027322
2019-02-21,7775128102,3488.70828327,3427.89409398
2019-02-20,8693373948,3480.42310536,3415.83473862
2019-02-19,9933626654,3489.4650736500002,3400.0931761199995
2019-02-18,9908216640,3424.89858393,3192.88470714
2019-02-17,7039512502,3202.06749798,3148.6884522299997
2019-02-16,5934744051,3177.9719388300005,3145.28512968
2019-02-15,6091952230,3173.5817944199994,3139.13969241
2019-02-14,6271044417,3172.24323504,3138.69704598
2019-02-13,6438903822,3192.6795263400004,3147.0043140600005
2019-02-12,6480384531,3191.67061518,3148.1444899499998
2019-02-11,6277056433,3215.1833421899996,3168.7904225400002
2019-02-10,6282256902,3214.6814357099997,3167.6525825999997
2019-02-09,6158833644,3201.5490232200004,3172.50661362
2019-02-08,7735623101,3215.18419218,2950.19060334
2019-02-07,5004962682,2982.31263459,2952.97010022
2019-02-06,5482196037,3018.10986339,2956.7519240999995
2019-02-05,5227549544,3025.98892791,3003.18520044
2019-02-04,5332718886,3024.31477299,2995.05061518
2019-02-03,5043937583,3063.6077200800005,2999.6941549199996
2019-02-02,5071623600,3065.25999798,3016.78999509
2019-02-01,5422926707,3046.70006874,2985.48465111
2019-01-31,5831198270,3049.18029084,2999.6867207699997
2019-01-30,5955112626,3040.80208035,2983.56750693
2019-01-29,5897159492,3024.1769240999997,2958.71324688
2019-01-28,6908930483,3120.4733499900003,2992.1326317000003
2019-01-27,5570752966,3143.02410669,3103.5038895
2019-01-26,5098183234,3179.79180135,3126.21097389
2019-01-25,5265847538,3143.24712858,3110.7697484399996
2019-01-24,5262869046,3145.99603974,3105.1107125099998
2019-01-23,5433755648,3152.06904777,3101.82314955
2019-01-22,5313623556,3150.0495263400003,3079.5576493199997
2019-01-21,5004347059,3139.6915134,3095.92728483
2019-01-20,5582489559,3256.7475069300003,3117.22699197
2019-01-19,5955691379,3269.9240988899996,3177.5687990999995
2019-01-18,5002961726,3203.7924174000004,3164.2603055699997
2019-01-17,5464420383,3201.7183078199996,3151.10601606
2019-01-16,5394457144,3206.626077,3153.4658058
2019-01-15,5537192301,3236.5333884,3149.3558205299996
2019-01-14,5651384489,3243.21747834,3090.4880857200005
2019-01-13,4681302465,3197.0412087,3084.08670402
2019-01-12,4778170882,3218.11109577,3178.8153881699996
2019-01-11,5538712864,3231.07719732,3178.17074688
2019-01-10,6874143795,3535.7379855000004,3183.48186807
2019-01-09,5115905224,3539.5111006800003,3499.71667254
2019-01-08,5306593305,3574.84826652,3477.35113014
2019-01-07,5228625637,3560.5737667500002,3498.17781741
2019-01-06,5597027439,3561.16870581,3329.0664700800003
2019-01-05,5137609823,3397.2656761199996,3338.10312702
2019-01-04,4847965467,3363.3630759000002,3291.9527712
2019-01-03,4530215218,3424.0460013300003,3328.813923
2019-01-02,5244856835,3434.7436448699996,3321.14619888
2019-01-01,4324200990,3350.29502166,3225.2911448699997
